1 1 15
7437
7.9891681671
1 28 37 32 3 30 67 50 5 64 77 52 7 56 59 
36 33 2 29 68 49 4 65 78 51 6 63 58 53 8 
27 38 35 48 31 66 81 102 73 90 79 76 55 60 57 
34 45 40 69 82 47 72 89 80 101 74 91 62 9 54 
39 26 83 46 71 88 103 116 121 108 95 100 75 92 61 
44 41 70 87 104 143 152 107 114 117 122 109 94 97 10 
25 84 43 144 153 106 115 150 169 120 113 96 99 110 93 
42 145 86 105 142 151 168 175 118 191 170 123 112 11 98 
85 24 147 154 167 176 149 190 199 174 119 212 171 124 111 
146 155 164 141 148 189 186 177 192 211 198 173 126 213 12 
23 140 157 166 187 178 193 208 197 200 215 210 223 172 125 
156 165 180 163 158 185 188 201 216 209 224 127 214 13 222 
139 22 159 184 179 194 205 196 207 202 217 220 225 128 131 
160 181 20 137 162 183 18 135 204 219 16 133 130 221 14 
21 138 161 182 19 136 195 206 17 134 203 218 15 132 129 
