15 15 25
24176
28.0122756958
105 62 65 12 103 110 67 14 97 92 69 16 85 78 71 18 83 76 73 20 171 216 27 22 25 
64 11 104 109 66 13 102 123 68 15 98 93 70 17 84 77 72 19 170 219 74 21 24 215 28 
61 106 63 114 111 124 121 116 101 96 91 86 99 94 79 82 169 228 75 172 217 220 291 26 23 
10 113 108 125 138 115 128 131 122 117 100 95 90 87 168 229 80 173 218 265 290 223 214 29 292 
107 60 139 112 127 132 143 120 129 164 89 118 167 230 81 174 227 264 289 224 221 320 293 372 213 
140 9 126 137 142 147 130 163 144 119 166 231 88 175 244 263 288 225 266 319 294 373 222 321 30 
59 136 141 148 133 158 145 156 165 232 247 176 243 262 287 226 267 318 295 374 369 322 381 212 371 
8 149 134 159 146 155 162 233 248 177 242 261 286 245 268 317 296 375 368 323 380 385 370 31 382 
135 58 7 154 161 234 157 178 241 260 283 246 269 316 297 376 367 324 379 424 389 434 383 386 211 
150 153 160 235 6 179 240 259 282 249 270 301 298 285 366 325 378 423 390 437 384 425 388 433 32 
57 184 151 180 239 258 5 250 271 302 299 284 315 326 377 422 391 448 443 426 435 438 441 210 387 
152 181 238 257 236 251 272 303 4 281 314 327 300 365 392 447 444 421 436 451 442 427 432 33 440 
185 56 183 252 273 304 331 280 313 328 3 364 393 454 445 420 467 452 449 482 431 498 439 428 209 
182 253 274 237 256 279 312 329 332 363 394 455 2 419 466 453 446 481 468 497 450 483 430 499 34 
55 186 255 278 305 330 333 362 395 456 475 418 465 472 1 480 469 496 503 484 549 500 587 208 429 
254 275 306 359 334 311 396 457 476 417 464 473 488 479 470 495 504 485 548 501 598 591 550 35 586 
187 54 277 310 397 404 361 416 463 474 489 478 471 494 505 486 547 502 599 612 551 588 597 590 207 
276 307 358 335 360 407 458 403 490 477 510 493 506 487 546 513 578 611 552 601 596 623 592 585 36 
53 188 309 398 405 402 415 462 509 492 507 524 515 512 555 544 553 600 615 624 613 602 589 206 593 
308 355 336 357 408 459 406 491 414 523 516 511 530 545 514 577 616 579 610 603 620 595 622 37 584 
189 52 399 354 401 348 413 518 461 508 529 538 525 556 543 554 561 604 619 614 625 582 607 594 205 
352 337 356 341 412 409 460 347 528 517 522 531 542 539 560 563 576 617 580 609 606 621 572 583 38 
51 190 353 400 349 342 519 410 521 346 535 526 537 532 557 540 559 562 605 618 581 608 569 204 571 
338 351 192 49 340 411 194 47 344 527 196 45 534 541 198 43 564 575 200 41 566 573 202 39 568 
191 50 339 350 193 48 343 520 195 46 345 536 197 44 533 558 199 42 565 574 201 40 567 570 203 
