1 1 15
751889496
3600000.693798065
1 164 -1 154 131 116 127 90 71 42 67 18 35 40 -1
-1 183 -1 117 128 153 130 115 -1 89 70 41 68 17 34
165 2 163 152 155 132 113 126 91 72 43 66 19 36 39
184 -1 182 -1 118 129 124 93 114 45 88 69 38 33 16
177 166 3 162 151 156 133 112 125 92 73 44 65 20 37
-1 185 176 181 134 119 110 123 94 75 46 87 22 15 32
187 178 167 4 161 150 157 96 111 86 61 74 31 64 21
-1 169 186 175 180 135 120 109 122 95 76 47 62 23 14
-1 188 179 168 5 160 149 158 97 78 85 60 25 30 63
-1 -1 170 189 174 147 136 121 108 101 58 77 48 13 24
-1 -1 191 -1 137 6 159 148 103 98 79 84 59 26 29
-1 199 -1 171 190 173 146 107 100 83 102 57 28 49 12
-1 194 -1 192 197 138 7 140 143 104 99 80 51 54 27
-1 -1 198 195 172 -1 142 145 106 9 82 53 56 11 50
-1 -1 193 -1 -1 196 139 8 141 144 105 10 81 52 55